	dendritic	endothelial	eosinophil	erythroblast	macrophage	monocyte	neutrophil	placenta	tcell	adipose	brain	fibroblast	heart	hepatocyte	lung	mammary	megakaryocyte	skeletal	small	unknown1
sample1	4.796577448283818e-07	0.060854916608113666	0.1375281191983302	0.0003684274563844037	0.029241235745171925	0.05487651030897854	0.28100428640720654	0.0005251892838310327	0.13555287560685722	3.9058406107843016e-12	3.4031522891724596e-11	0.01082196785680063	2.7807244273525286e-08	6.454920070938105e-10	2.485330604537546e-13	7.404646461881694e-07	0.03594862509818707	0.0072977903205351	0.22697700288886477	0.019001804607425458
sample2	1.0566535310070294e-05	0.06330286477361281	0.09674027161334445	0.0035939785734907586	0.1112136822976574	0.03371865000564327	0.3171859717891652	0.01090022341758519	0.21287252512828106	2.6518522063064063e-14	9.589855224279483e-16	0.005183815697290947	1.0683673261354551e-11	6.669395690773694e-08	1.7150873722176017e-15	7.060184827514686e-06	0.006593869033212305	0.018884406468802722	0.10358732128856335	0.01620472648854328
sample3	4.6168839676707325e-07	0.04193597253585683	0.18039133646431132	0.007745917781431696	0.05660593425565596	0.09966718065270355	0.1555325230230345	0.0021866427250348272	0.24916850678223645	6.611774477011208e-07	3.1020617807652453e-07	0.002160974215771123	2.0560709860234663e-06	3.3349716510202765e-08	1.951574128268835e-07	0.0009567426002957927	0.109906106711288	0.0028429619409500928	0.07614922392179625	0.014746258739495493
sample4	1.547887961713433e-10	3.409935906302852e-09	0.15618037963625314	4.4767280348231654e-07	0.030895341006562268	0.030935675698523245	0.1360646436911382	2.614623768664251e-19	0.3643464781988301	1.328751937523482e-08	8.416778614026626e-14	2.4984652875428104e-25	6.23590705074707e-09	2.1165064601433223e-05	9.991328987321181e-12	0.008331882741909317	0.07277541149762269	0.09247290096891805	0.09534283018361402	0.012632820540997639
sample5	8.724948094595955e-05	0.04899036961210692	0.11335482110632074	7.295568213207752e-06	0.01542139387506309	0.08773432814120369	0.24952729905692553	2.923966243165701e-15	0.19043149238605597	0.03376840920431208	0.011388738283426713	0.03935111848506542	8.631608245882352e-06	8.101289874845817e-05	0.0005046720533187546	4.989526768950387e-08	0.00022029896530109083	0.03595274804298401	0.059798551701822494	0.11337151963466939
sample6	1.3484982089643224e-05	0.03169417016154679	0.14196370574351813	0.04176883901667199	0.07937327283108014	0.07437873130823057	0.22562071173400686	0.0008128938016843584	0.14937019876877727	1.3158183969823413e-16	2.0907584125033017e-17	0.02547776396187397	4.982217641568155e-08	5.278431956173899e-17	2.1991627266528148e-18	1.0896705538033593e-09	0.0836869020181599	0.024850172453660207	0.11015492206604095	0.010834180240812088
sample7	2.413179948289452e-07	0.030992149375111116	0.16116634420949333	0.03670274887871684	0.10114186927435116	0.05350634738269084	0.22457784804854578	5.07349254971684e-05	0.14280398704369357	7.318438732829899e-08	2.4132090226018156e-10	0.0055399883870493475	1.877274930294284e-05	0.012769362582469919	8.801260457095242e-08	3.447965255819054e-05	0.09858556991752719	0.029223618897294787	0.10280167136012881	8.410455926130183e-05
sample8	3.3285376773374255e-06	0.03767379538148995	0.0456039580045175	0.00044017343753104517	0.056634649978405935	0.03820031323951412	0.38563727508572326	1.9551074011578463e-11	0.027373403446372263	0.0196050061097779	2.291632384635709e-05	0.006491151433580087	0.00030373302275028526	0.005018349491603393	0.0005142371536685077	3.614303212012157e-08	0.22851558256389667	1.0567025682839554e-12	0.08797758504612244	0.05998450557988286
sample9	0.0004543788651487419	0.06882952196443284	0.14643637368136603	0.034075597577807	0.04702858846373835	0.04230242421799018	0.46979809529886146	0.007024431797448032	0.00023113865112036827	1.4268596212161677e-05	2.2485551958042746e-08	1.0033154589455838e-09	2.471787055940305e-05	1.8251270988456428e-13	1.2469834402670472e-06	6.1766004017352004e-09	0.12349332917035083	6.303922815792031e-11	0.039226854784284414	0.021059002348550404
sample10	0.015461110547399487	0.22831919178883525	0.14249766474392755	0.047670402876611055	0.0008278788290575612	0.12563239060868597	0.22400643823220703	0.02649919680149908	0.004786720435076709	1.93776197480574e-10	9.340129910035945e-07	0.014600315472139648	5.740878148971126e-11	1.2603812787666953e-14	1.0259152122916872e-12	1.1041774555793427e-12	0.06509750859830074	1.3011950051409794e-08	0.09108372972351922	0.01351650406447196
sample11	0.00020820129580197705	0.09125011717257782	0.1923533890996042	0.005958894001153785	0.007683640022049586	0.1605380465439542	0.17750158021494286	7.253864925015207e-24	0.02639957649895955	0.00594649361789082	0.00027526956353518994	2.3973821290173163e-30	0.0069861895096179315	5.42897099439901e-10	0.020969226527363816	1.3229069828433085e-12	0.09591458785303435	2.9930494158264732e-31	0.20801222478910078	2.562746193265473e-06
sample12	3.156399266354462e-07	0.07747989158557615	0.1498918439037511	0.07333653022866399	0.0053798776073793585	0.16460506201949415	0.10155247643720958	1.4549367327942236e-09	0.1889847368499657	0.000743712535644698	8.870442285273807e-06	7.944001385810173e-14	1.0328136828840427e-05	1.517645365869141e-06	8.125039590299848e-05	0.015023161547684937	0.12587591570588627	4.675751542763965e-16	0.09696653823505356	5.796962836443982e-05
sample13	0.0069430781634036275	0.00939745412084768	0.2443941127489883	0.07815326541631	0.004250111116518882	0.16262365606189313	0.3934139360566406	1.1893022403184552e-06	0.089899476460889	1.8802382334866322e-12	4.674931783657459e-13	0.002726712562584503	8.74122388916291e-09	2.353069629684116e-08	3.8311046438503246e-10	0.0038299455643670357	0.00435287446887312	3.857402290740821e-06	1.6967458436606772e-06	8.601150930861111e-06
sample14	0.003274408128433575	3.337107007703732e-08	0.29708437103966884	0.09980018359186872	0.06831577891119181	0.07530280045019995	0.3451724587702955	6.1030079552810117e-05	0.08940890046400059	6.12926089015508e-09	1.3469576171343307e-07	6.063665135215057e-13	5.226949295602942e-11	2.7210480136816945e-06	2.1802509383863126e-05	0.0025168952974815757	0.016821723355294593	9.633413812343632e-08	0.0022165632570075523	9.251450025659308e-08
sample15	0.02624240687918422	0.012639526471868974	0.22725734480699705	0.08970528377714584	0.0009579660752696964	0.15768605063746477	0.4517642751391296	0.006708270590980862	0.025822809531105592	2.5728224085356594e-57	2.1680044353432707e-69	0.0009744391482531947	1.0637578157203697e-41	3.862446195726547e-48	9.927386840798962e-60	1.883770745589331e-42	0.0001609219680355064	5.061620751217221e-22	8.070497456473233e-05	2.3877682192136603e-32
sample16	7.696621592293311e-07	0.021305691282056824	0.20899044721346893	0.09431108796823583	0.20925797735982202	0.003024768526301263	0.24926547924044679	2.486721546706993e-06	0.04824201341316452	4.364075828427209e-08	1.03302998381064e-09	2.0877158177697176e-12	2.6126134575944213e-08	9.75726586382235e-11	1.991073057643128e-07	1.1576064555591074e-13	0.1271162924525493	7.58981740628887e-16	0.01183691098434917	0.026645805168893855
sample17	3.366366099173948e-05	0.14429455096329546	0.16540293532650527	0.00936367084269741	0.10931952874332569	0.09845611839220995	0.10053302784282502	0.00017756691343895868	0.2604281811080045	6.751791487715016e-06	1.1635900087586021e-07	2.9533962982154458e-08	0.009552925241047809	0.002944811182711357	3.0584102051686323e-06	0.007829977974011117	0.014239486941594739	8.261651080556684e-16	0.07731829057441497	9.530819826832273e-05
sample18	1.1390801296196949e-06	0.00017186157915008283	0.15280564089129228	0.019892682434174705	0.0015400716040585626	0.16283231897818312	0.41459357572909933	4.796826217344076e-12	0.03394890341918619	3.0810524346092816e-08	6.658219443438593e-13	6.653115022089694e-23	0.0005233763812691387	7.622730802475014e-20	7.727891353270297e-09	0.01284365651391604	0.1643343401593076	0.03651061442715026	7.249839455851514e-07	1.0552752591063463e-06
sample19	0.0009550102443496768	0.12690788363571934	0.19779245633625447	0.12524515816965578	0.020422745490391976	0.2104033755747775	0.14951428062014768	2.685395990013118e-10	0.07095201523113828	4.3611605016717927e-10	1.3090813790120322e-10	0.019482107713030807	9.943345957561065e-05	1.0173413676460286e-11	4.433602076447889e-11	3.6757836824487476e-09	0.03435396823025291	0.012698534044069966	0.02683126078688371	0.004341765897895178
sample20	1.319214080733215e-07	0.03784483465187701	0.23796937689067663	0.23851139932643914	0.07357209884516892	0.05860574927241777	0.15284014756259903	1.1521817435476186e-06	0.10273612946818868	1.900433982985784e-07	8.258789955736947e-09	0.004415491048952376	5.617547175684902e-07	0.0017817749219205268	1.6711062188716492e-08	0.004064624114441181	0.047385218792485674	0.012840162935238583	0.027430923558740446	7.73973417920166e-09
sample21	4.0369050382077504e-07	0.016431790005230616	0.21165126763695102	0.0990266135242409	0.10595643173073653	0.04271913243105999	0.19202667671385057	6.505867499836836e-08	0.2019552211458877	8.342693436128253e-10	8.853788557165637e-11	0.025542908438909325	0.0011576284891682766	8.264634881817163e-08	7.607830655331515e-11	0.0032931943349877634	0.002059698586365668	0.004928532659079908	0.09087299838655324	0.002377353522565508
sample22	4.266405913114669e-06	0.13777194742781423	0.1647118032832452	0.027142328886643797	0.022006064285375018	0.08017596998127213	0.36346987149460325	4.627462311530966e-11	0.07149909342046713	9.468930206773774e-06	1.6143775236930612e-09	2.2099817806044904e-12	1.9757245492575814e-07	1.3904992879229106e-07	1.8316421916850367e-05	0.013941448898425622	0.10451860719577369	0.00018539853273922684	0.014545075164912833	1.3854451615088086e-09
sample23	6.782338699580784e-05	0.0983395859687446	0.10818996633316728	0.09942653611627171	0.09258829857218019	0.11984033730209245	0.26394675088858766	0.0010310938998165744	0.06594964334893894	2.5983896043260933e-07	5.152244091136343e-09	0.0009589959798524615	0.0035904918261435866	3.0980383099628537e-09	2.609266582928353e-09	0.003406495178938054	0.09794288795587669	9.527974541581426e-12	0.044716593738404475	4.228795952154544e-06
sample24	9.99486928079705e-05	0.0008847839896765672	0.1859611626122788	0.09744271453486167	0.1623151405550198	0.027281199494096305	0.3532346825633619	0.02454640619476024	0.04520372642904848	7.443396554946928e-08	1.185284258326999e-11	5.769083000582405e-09	4.049654089488531e-05	5.665710448202197e-09	2.9796822657802228e-06	6.711827294609652e-06	0.08076295370406521	8.280355867269326e-19	1.6738711370958682e-07	0.022216839911842225
sample25	0.00010050135479222878	0.08703807557567655	0.12347712891798071	0.0810055834708613	0.022570478151235637	0.3051278070400351	0.2185073311207897	1.076948422538474e-05	0.0014186703703532458	4.133416490609566e-06	2.3725765407996022e-08	0.010270721138326744	0.009466625359705591	1.1801664643687079e-07	6.604856010967071e-07	5.4199202253213e-09	0.0667700659975476	1.0423823723830413e-13	0.07406341051588022	0.00016789043806189033
sample26	9.65102014693979e-05	0.027547760222982123	0.1739186028607152	0.21573718516425963	0.007906333871942629	0.28569092866806733	0.2233795255463085	0.008877469962188335	0.010091800311014075	3.326852278821689e-07	5.066382405404719e-12	6.669472502605249e-07	0.0006844419383196776	0.0013967563446919953	6.018436085206233e-09	0.019274625666745367	0.011474575617705653	0.004575706996297503	0.0014391190079794003	0.00790765196333253
sample27	7.444924127462889e-06	2.4574491601693844e-12	0.1987239794368661	0.0026677840309107938	0.05541348256121218	0.05517359600585167	0.46884728129080483	0.0029423118092239253	0.1886872694380691	1.1767621290507486e-14	3.767676340779603e-12	0.003702846967599587	1.3038467521040957e-13	3.416910039118301e-17	3.114058105148457e-15	0.002471586587445222	0.007554557825496125	1.386620202551816e-14	0.013807857981549366	1.1344593250038927e-09
sample28	1.2558410867472225e-06	0.04510774473591582	0.1906115702691555	0.11062259167124461	0.024662731703006906	0.10247778747134251	0.23642041961609586	0.033582657233010536	0.15884840172381362	2.2566299031716964e-10	4.586603523790771e-12	5.824585175912148e-10	2.5585815999735222e-08	2.861381550457833e-14	2.168161851929218e-13	4.3471958420268116e-10	0.02285323806763836	0.00013358184218751436	0.06655463855116084	0.008123354440852139
sample29	3.7761415771123798e-06	0.01148887809182841	0.217735812762226	0.19776917807179864	0.01731733624142703	0.19103774898749748	0.16918859259310165	0.017216330869913952	0.00877666658162708	2.1258155517326524e-06	3.430805774971015e-11	0.0013087637603832083	2.705776641755668e-06	5.818357038568359e-05	9.8470682495031e-07	0.013857813138377828	0.10564770528237245	4.772399320701079e-11	0.04858739742666178	9.977109107650735e-11
sample30	7.877162029333031e-07	0.04258352302345589	0.18160094540623464	0.025455139828497564	0.009579415477231165	0.1242054430329743	0.24852245299449754	8.389609607256029e-05	0.11194954632567296	1.3717470236337853e-08	4.148082670828557e-11	0.02939145730158091	0.002423728958042458	6.655800581770369e-14	2.174004964782085e-12	2.0619661880217944e-08	0.14043162236299492	2.6498603848224187e-07	0.07555293349076028	0.008218808618889744
sample31	0.00452240227745143	0.03994237499259656	0.08537728042735623	0.05794078994957445	0.05381901453675067	0.11373616597412577	0.4056154133379285	0.0005892405696549766	0.12267641490399532	2.2521955497977103e-06	5.937306354126407e-06	0.00553834478554144	9.041051727602677e-06	2.013239529359544e-09	6.229089837420578e-07	0.00040641944825792247	0.06474160739647687	1.506312753178702e-10	0.04043272291132838	0.004643952862475463
sample32	9.792201872749136e-05	0.11055609008039187	0.08019162611325249	0.08467029472775733	0.0020819387661456515	0.1581779542145428	0.4577613477468624	9.261290445836775e-12	0.012324666498194872	0.02484211515193097	6.32299863067216e-07	1.1424542518274353e-20	2.171436495482353e-07	6.973359419438038e-26	0.00015119908492143599	1.4251590754879857e-09	0.009651288926211428	0.05921066359437026	1.8254253849266974e-08	0.0002820239445042189
